1000
99 10 38
95 33 26
4 86 31
16 20 69
47 27 41
82 47 46
13 94 70
28 62 38
54 84 33
59 75 48
18 57 73
51 72 5
42 35 78
86 54 55
54 7 5
16 53 10
51 82 15
12 39 71
16 93 89
37 43 86
31 83 25
92 31 9
66 98 21
19 41 36
45 61 96
76 21 60
56 56 52
15 81 62
19 38 41
80 15 95
49 42 78
87 63 13
27 61 19
97 40 88
96 46 59
1 69 27
25 2 9
25 69 7
36 42 44
2 35 88
91 83 54
69 26 21
76 82 99
53 52 65
17 73 94
18 75 3
5 98 52
38 4 40
82 20 52
75 18 15
30 44 90
3 75 98
74 27 60
51 7 31
95 92 84
99 8 47
1 55 20
10 37 85
34 54 33
46 4 73
61 11 30
2 76 15
67 83 21
55 94 1
67 45 84
33 35 34
16 46 80
99 70 27
29 72 80
17 36 76
28 81 52
17 46 54
29 36 86
80 60 28
55 71 46
52 44 12
18 18 95
27 86 68
24 1 68
58 36 22
24 100 35
54 13 86
1 74 53
90 78 19
1 94 5
65 77 76
10 72 100
90 77 46
12 71 89
37 24 17
38 100 15
1 52 5
81 4 75
29 21 89
67 5 11
71 81 41
86 22 44
33 12 86
0 20 25
98 100 65
20 73 91
74 83 52
27 23 13
73 6 68
79 88 11
84 70 75
44 19 7
93 40 71
44 52 32
57 87 8
4 1 83
82 45 77
98 13 29
83 77 15
89 8 11
2 59 23
93 81 97
34 16 89
13 15 75
93 61 47
7 29 92
20 73 83
73 4 82
61 11 61
68 94 26
19 23 85
95 11 94
66 25 14
2 57 53
100 91 95
13 69 20
100 84 72
58 20 22
22 28 37
86 7 52
85 74 65
15 12 1
86 92 88
46 59 25
71 86 34
52 29 5
18 89 10
95 29 87
67 67 62
19 15 33
2 47 93
16 81 80
94 30 67
46 13 17
2 98 62
17 69 21
67 1 56
1 87 71
32 67 10
2 77 57
89 42 1
36 22 35
61 56 2
16 20 13
36 98 30
84 63 23
23 100 5
31 9 97
72 84 72
34 98 65
66 17 16
84 98 55
2 36 39
36 61 83
52 22 97
16 54 82
61 53 3
74 86 67
3 82 67
55 71 19
48 39 20
57 59 38
54 28 35
50 20 90
24 60 67
33 24 78
60 86 100
14 59 83
48 77 79
44 62 13
8 58 1
41 9 44
6 45 79
19 80 12
4 95 82
60 68 69
40 32 40
76 10 62
24 84 57
21 88 44
5 21 40
75 97 39
26 2 42
67 23 25
4 78 15
11 5 82
33 69 55
13 42 34
96 74 56
4 99 34
59 46 2
45 70 62
28 100 1
17 43 82
84 1 80
11 83 30
70 91 100
3 66 73
55 58 79
3 38 18
35 62 33
96 10 58
24 8 15
21 81 30
12 88 91
46 83 61
16 35 59
42 25 39
94 24 53
37 3 58
37 87 8
3 96 47
44 52 32
36 93 63
15 48 19
89 48 41
58 63 62
41 54 55
70 72 24
93 37 34
65 19 26
58 85 42
17 78 67
28 2 36
35 55 63
34 68 35
91 5 25
29 75 87
16 39 79
86 25 64
11 32 65
32 27 27
41 85 26
34 5 87
20 2 14
39 85 37
3 19 75
21 26 87
72 17 12
4 80 61
15 74 4
21 53 4
72 82 11
21 60 67
95 24 55
1 90 31
6 68 91
75 69 6
88 40 84
57 52 31
28 44 77
30 60 84
35 64 17
6 74 68
10 22 75
99 70 86
79 37 2
73 32 97
53 6 61
100 18 7
76 47 70
96 23 79
13 98 74
33 29 79
35 55 45
57 92 78
64 96 55
93 91 57
25 43 87
37 77 96
62 44 84
37 59 59
42 91 58
38 8 35
39 94 64
17 63 22
63 38 11
82 87 30
47 1 94
98 4 46
34 21 80
76 5 76
38 10 22
49 2 81
91 96 80
85 12 5
79 4 33
4 87 25
94 13 95
78 23 25
68 82 88
21 28 21
67 48 15
5 42 25
59 30 79
70 67 75
38 27 52
99 95 91
66 69 9
17 42 4
56 83 72
53 28 74
41 88 72
85 33 65
90 93 62
17 24 45
85 68 41
72 15 93
44 35 57
59 82 94
58 16 65
72 36 27
23 36 86
52 60 75
73 5 80
25 12 74
2 64 93
34 29 37
13 66 1
5 77 17
87 63 16
85 9 98
75 55 81
4 47 5
84 69 3
50 95 41
0 92 67
85 16 71
64 82 82
34 78 66
54 53 91
31 11 98
83 21 71
19 61 77
14 60 30
28 13 37
84 74 99
43 41 16
19 77 96
14 65 87
8 7 32
100 17 30
30 15 68
76 45 72
59 83 100
37 17 62
21 6 39
73 7 6
89 84 47
39 12 84
45 3 87
22 61 99
1 13 64
17 2 33
45 62 57
79 74 13
36 86 34
53 77 48
94 62 11
29 23 13
87 22 56
56 6 32
6 97 77
75 71 84
92 100 81
14 46 40
80 46 30
57 48 78
28 9 52
50 36 93
31 9 89
85 2 99
47 12 95
19 71 93
78 13 34
79 26 26
5 47 66
22 64 65
42 65 78
25 74 22
16 88 96
16 96 54
67 45 63
83 56 97
7 29 86
39 42 75
65 70 12
10 5 43
38 36 53
29 2 60
87 78 17
72 53 57
44 33 42
5 100 52
37 33 18
100 66 7
66 75 25
32 10 75
29 11 42
7 55 65
87 70 20
50 66 61
81 58 33
2 94 46
17 37 79
97 83 99
70 35 42
97 48 53
56 57 34
17 8 18
38 3 52
20 46 63
80 53 38
34 99 40
70 93 6
20 14 88
37 54 52
50 82 26
36 32 85
91 86 25
67 14 93
5 19 45
59 31 96
75 40 70
32 46 61
4 11 83
80 2 41
19 67 40
8 47 90
55 77 36
26 20 90
66 92 12
70 42 40
98 55 70
100 35 40
40 79 88
32 98 7
6 74 32
34 66 96
9 78 90
54 6 54
16 66 92
42 93 63
0 55 55
74 77 38
13 28 46
93 79 38
65 18 82
75 97 59
51 32 31
12 72 15
25 18 17
77 89 75
41 20 71
57 64 92
16 5 23
79 48 79
22 45 39
31 11 66
74 73 98
12 3 26
23 68 11
9 67 78
28 96 15
39 62 100
94 53 82
35 16 42
28 16 5
18 13 17
10 36 76
96 100 18
69 25 52
78 3 72
34 72 48
77 31 9
22 84 76
47 88 38
87 47 83
16 12 2
37 2 41
28 37 95
89 11 13
78 84 95
40 31 94
58 12 24
93 8 68
38 55 3
28 95 98
100 60 84
52 71 98
46 60 37
34 26 6
66 96 69
11 30 40
73 29 39
100 87 47
97 70 4
44 68 69
75 53 41
77 61 9
37 73 10
34 64 3
82 77 39
35 43 32
27 6 1
0 32 79
82 56 91
23 7 39
83 89 31
7 34 65
97 16 13
23 3 100
68 85 59
59 30 95
2 96 76
82 94 57
72 69 8
84 32 46
88 93 40
54 18 72
63 18 95
77 46 25
7 68 97
28 11 21
75 83 75
73 93 3
22 2 57
93 28 75
29 21 13
70 88 73
30 83 16
30 9 85
15 100 82
41 12 92
98 38 32
91 59 33
45 38 11
36 67 58
96 23 25
69 11 77
41 32 82
27 39 58
85 84 21
19 13 36
63 97 5
86 67 92
32 43 54
97 58 73
6 53 79
26 57 61
6 36 66
78 28 94
71 75 75
54 69 77
13 45 52
82 98 10
56 80 4
91 2 11
65 77 35
99 61 22
10 9 17
68 88 23
97 87 65
99 35 58
84 24 17
65 39 45
100 98 41
57 85 91
97 24 78
42 73 40
20 60 75
51 36 99
58 58 81
0 10 42
98 96 13
46 74 16
22 42 25
52 33 14
50 91 58
62 48 83
100 84 31
82 55 91
41 48 10
5 36 8
79 40 83
45 24 72
94 75 65
5 5 86
87 40 57
24 57 38
68 55 29
74 35 78
10 33 21
64 76 28
56 65 95
76 86 17
63 75 34
81 3 94
60 100 78
23 66 83
90 22 23
82 2 69
4 45 66
100 9 27
6 56 93
43 81 99
49 47 74
31 3 8
84 26 67
78 21 43
85 73 70
55 65 61
84 90 1
57 76 73
94 73 33
51 39 32
33 18 17
53 66 72
6 54 76
82 19 81
85 85 34
90 58 66
98 85 64
73 60 73
98 29 77
97 44 60
67 43 20
99 60 89
68 88 5
91 77 4
8 13 21
13 47 81
87 20 40
73 43 35
97 10 91
98 23 27
11 45 87
84 79 77
10 32 14
30 94 18
51 9 46
98 87 25
80 94 17
90 14 81
47 8 15
100 91 42
21 17 22
92 82 14
96 55 72
73 81 87
32 68 96
61 55 7
13 55 55
47 85 3
1 12 64
61 34 14
91 2 12
87 57 12
75 63 74
42 13 34
94 30 1
10 55 27
2 21 41
53 76 77
10 33 33
80 70 89
79 13 6
6 23 99
18 28 91
75 37 68
26 54 1
75 2 67
60 24 94
27 23 72
54 8 62
34 44 71
75 91 13
75 96 31
94 30 5
67 68 52
74 32 14
48 64 69
23 70 19
67 95 83
54 31 99
54 28 31
50 78 61
42 62 90
9 72 95
36 60 91
17 52 13
10 55 4
48 48 69
89 86 90
95 23 15
12 24 3
2 48 25
82 97 70
71 76 48
61 85 22
67 56 15
34 27 91
70 29 55
32 81 7
85 86 56
65 91 93
42 8 52
12 83 57
35 81 8
70 44 46
90 70 34
66 22 24
91 54 60
63 53 74
50 22 86
14 10 10
99 62 71
3 22 39
75 30 25
32 15 55
55 99 81
44 88 41
33 58 9
4 62 87
100 1 1
2 93 86
28 74 83
50 22 62
1 73 59
42 12 84
13 62 69
29 81 85
51 34 61
28 95 81
31 46 91
2 1 3
96 67 6
21 84 62
75 52 73
46 13 67
70 16 5
14 98 61
71 28 4
100 26 16
95 88 7
34 38 11
100 64 45
18 75 8
9 77 77
4 79 33
55 36 81
51 46 69
99 58 92
55 83 24
63 4 15
35 73 75
33 39 73
59 43 87
2 42 20
87 93 35
25 76 48
100 68 14
33 70 76
41 98 74
57 75 18
18 82 44
83 41 63
70 57 74
2 72 59
12 59 63
51 16 84
59 19 85
87 5 14
64 38 29
54 84 77
20 11 46
45 4 63
22 14 70
49 78 52
54 72 3
34 74 94
89 41 20
90 47 68
60 29 94
11 92 53
39 43 22
58 90 100
38 68 94
65 88 97
62 24 38
69 82 83
75 23 60
47 27 8
100 74 54
4 25 17
0 30 70
98 85 38
20 24 95
65 81 74
33 36 11
57 28 81
31 80 31
23 7 57
100 37 76
35 45 55
83 25 47
20 56 69
1 97 39
85 71 33
0 15 62
30 57 67
53 61 85
98 57 37
29 35 24
69 91 72
15 27 85
84 18 41
28 46 55
92 55 47
7 52 70
23 24 41
30 65 81
63 47 47
52 27 3
10 86 69
20 62 88
15 73 20
21 52 78
21 61 42
52 68 11
45 58 33
2 67 55
78 31 43
22 20 89
92 7 98
60 83 20
59 96 91
55 84 13
97 96 54
30 25 5
76 84 67
84 40 70
0 65 91
53 86 23
82 93 96
91 63 31
42 4 54
46 25 23
74 3 72
63 90 6
37 62 67
49 60 88
78 100 69
99 92 73
100 89 79
65 77 89
17 26 74
47 25 9
4 8 40
85 55 91
73 81 29
38 42 11
75 28 25
59 8 29
55 2 71
0 68 90
45 94 28
9 10 84
53 92 12
88 17 100
31 57 62
43 58 83
59 98 12
74 35 91
69 96 28
32 74 85
25 47 39
27 65 77
96 33 27
73 9 85
97 82 93
65 42 19
17 81 100
60 57 42
64 81 11
96 2 72
43 99 74
3 31 48
41 31 52
53 48 15
50 22 39
51 57 31
69 74 98
77 21 90
89 80 48
6 57 10
100 89 96
55 48 15
34 78 21
40 29 7
0 39 48
15 90 92
23 74 80
89 21 73
88 98 54
19 77 72
1 42 57
66 26 38
46 69 58
7 62 58
86 23 47
76 9 32
6 90 18
14 19 22
58 18 38
69 96 3
12 100 82
52 58 41
61 18 70
99 91 5
63 93 100
18 61 15
11 45 47
87 12 14
37 65 24
36 64 15
35 29 87
5 47 9
88 27 3
30 64 33
93 68 55
84 93 54
39 62 19
70 59 36
12 55 55
26 63 84
38 6 39
61 38 36
93 6 84
98 31 67
80 80 99
32 96 39
98 6 75
99 99 99
97 37 34
99 97 98
72 96 80
28 89 30
0 44 99
52 39 2
16 48 34
66 20 11
38 15 17
16 11 38
4 90 64
33 17 14
33 6 28
75 76 37
52 36 12
86 89 75
17 31 57
73 91 41
75 93 5
22 89 58
61 95 87
61 9 64
90 69 60
53 70 66
58 20 9
43 9 84
31 32 20
11 99 92
15 87 67
64 16 62
52 90 42
82 47 30
83 45 78
62 18 5
83 27 46
86 75 33
40 29 19
94 11 37
4 92 13
100 91 18
65 69 32
